Simulated annealing, t=100 runs=1[ 28.  43.  76.  83. 117. 144. 134. 162. 198. 194. 174. 185. 235.]
Simulated annealing, t=1000 runs=1[ 36.  49.  81. 108. 114. 146. 149. 182. 184. 243. 242. 254. 243.]
Simulated annealing, t=10 runs=1[ 29.  44.  75.  79. 104. 105. 122. 171. 149. 152. 184. 192. 205.]
Simulated annealing, t=100 runs=1[ 25.  43.  66.  69. 100. 125. 123. 147. 171. 174. 201. 193. 207.]
Simulated annealing, t=1000 runs=1[ 35.  47.  73.  94. 103. 124. 148. 140. 174. 193. 256. 250. 203.]
Simulated annealing, t=10000 runs=1[ 26.  55.  69.  92. 125. 153. 164. 196. 200. 205. 231. 250. 266.]
Simulated annealing, t=10 runs=10[ 24.  39.  56.  68.  84.  98. 121. 127. 138. 155. 163. 183. 194.]
Simulated annealing, t=100 runs=10[ 24.  46.  58.  77.  90.  99. 120. 138. 151. 161. 169. 188. 203.]
Simulated annealing, t=1000 runs=10[ 22.  45.  62.  83.  95. 109. 126. 143. 167. 182. 212. 225. 224.]
Simulated annealing, t=10000 runs=10[ 23.  41.  69.  77.  97. 132. 143. 153. 174. 194. 198. 230. 250.]
